 2.50000000e+01 0.00000000e+00 1.10000000e+00 0.00000000e+00 1.10000000e+00 0.00000000e+00 -3.14045150e-03 1.47347585e-08 -3.14045150e-03 6.28088826e-03 
 2.50000000e+01 5.00000000e-02 1.10000000e+00 5.00000000e-02 1.10000000e+00 0.00000000e+00 -3.14045030e-03 1.22383645e-08 -3.14045030e-03 6.28088837e-03 
 2.50000000e+01 1.00000000e-01 1.10000000e+00 1.00000000e-01 1.10000000e+00 0.00000000e+00 -3.14044929e-03 1.01736712e-08 -3.14044929e-03 6.28088841e-03 
 2.50000000e+01 1.50000000e-01 1.10000000e+00 1.50000000e-01 1.10000000e+00 0.00000000e+00 -3.14044843e-03 8.43245695e-09 -3.14044843e-03 6.28088842e-03 
 2.50000000e+01 2.00000000e-01 1.10000000e+00 2.00000000e-01 1.10000000e+00 0.00000000e+00 -3.14044769e-03 6.94941527e-09 -3.14044769e-03 6.28088843e-03 
 2.50000000e+01 2.50000000e-01 1.10000000e+00 2.50000000e-01 1.10000000e+00 0.00000000e+00 -3.14044706e-03 5.68274228e-09 -3.14044706e-03 6.28088843e-03 
 2.50000000e+01 3.00000000e-01 1.10000000e+00 3.00000000e-01 1.10000000e+00 0.00000000e+00 -3.14044652e-03 4.60253702e-09 -3.14044652e-03 6.28088843e-03 
 2.50000000e+01 3.50000000e-01 1.10000000e+00 3.50000000e-01 1.10000000e+00 0.00000000e+00 -3.14044606e-03 3.68510733e-09 -3.14044606e-03 6.28088843e-03 
 2.50000000e+01 4.00000000e-01 1.10000000e+00 4.00000000e-01 1.10000000e+00 0.00000000e+00 -3.14044567e-03 2.91042745e-09 -3.14044567e-03 6.28088843e-03 
 2.50000000e+01 4.50000000e-01 1.10000000e+00 4.50000000e-01 1.10000000e+00 0.00000000e+00 -3.14044535e-03 2.26103580e-09 -3.14044535e-03 6.28088843e-03 
 2.50000000e+01 5.00000000e-01 1.10000000e+00 5.00000000e-01 1.10000000e+00 0.00000000e+00 -3.14044508e-03 1.72153136e-09 -3.14044508e-03 6.28088843e-03 
 2.50000000e+01 5.50000000e-01 1.10000000e+00 5.50000000e-01 1.10000000e+00 0.00000000e+00 -3.14044486e-03 1.27826105e-09 -3.14044486e-03 6.28088843e-03 
 2.50000000e+01 6.00000000e-01 1.10000000e+00 6.00000000e-01 1.10000000e+00 0.00000000e+00 -3.14044468e-03 9.19117227e-10 -3.14044468e-03 6.28088843e-03 
 2.50000000e+01 6.50000000e-01 1.10000000e+00 6.50000000e-01 1.10000000e+00 0.00000000e+00 -3.14044453e-03 6.33276542e-10 -3.14044453e-03 6.28088843e-03 
 2.50000000e+01 7.00000000e-01 1.10000000e+00 7.00000000e-01 1.10000000e+00 0.00000000e+00 -3.14044442e-03 4.10992129e-10 -3.14044442e-03 6.28088843e-03 
 2.50000000e+01 7.50000000e-01 1.10000000e+00 7.50000000e-01 1.10000000e+00 0.00000000e+00 -3.14044434e-03 2.43439047e-10 -3.14044434e-03 6.28088843e-03 
 2.50000000e+01 8.00000000e-01 1.10000000e+00 8.00000000e-01 1.10000000e+00 0.00000000e+00 -3.14044428e-03 1.23222321e-10 -3.14044428e-03 6.28088843e-03 
 2.50000000e+01 8.50000000e-01 1.10000000e+00 8.50000000e-01 1.10000000e+00 0.00000000e+00 -3.14044424e-03 4.67217376e-11 -3.14044424e-03 6.28088843e-03 
 2.50000000e+01 9.00000000e-01 1.10000000e+00 9.00000000e-01 1.10000000e+00 0.00000000e+00 -3.14044422e-03 1.08748566e-11 -3.14044422e-03 6.28088843e-03 
 2.50000000e+01 9.50000000e-01 1.10000000e+00 9.50000000e-01 1.10000000e+00 0.00000000e+00 -3.14044863e-03 -2.43360887e-12 -3.14044863e-03 6.28089725e-03 
 2.50000000e+01 1.00000000e+00 1.10000000e+00 1.00000000e+00 1.10000000e+00 0.00000000e+00 -3.14044862e-03 -3.09370307e-11 -3.14044862e-03 6.28089727e-03 
 2.50000000e+01 1.05000000e+00 1.10000000e+00 1.05000000e+00 1.10000000e+00 0.00000000e+00 -3.14044856e-03 -2.62598832e-10 -3.14044856e-03 6.28089737e-03 
 2.50000000e+01 1.10000000e+00 1.10000000e+00 1.10000000e+00 1.10000000e+00 0.00000000e+00 -3.14044818e-03 -1.62607705e-09 -3.14044818e-03 6.28089799e-03 
