 2.50000000e+01 0.00000000e+00 0.00000000e+00 0.00000000e+00 0.00000000e+00 0.00000000e+00 -5.76993899e-22 8.81201696e-21 -5.76993899e-22 -7.65802916e-21 
 2.50000000e+01 5.00000000e-02 0.00000000e+00 5.00000000e-02 0.00000000e+00 0.00000000e+00 2.22178794e-12 -4.44361214e-12 2.22178794e-12 4.83954333e-17 
 2.50000000e+01 1.00000000e-01 0.00000000e+00 1.00000000e-01 0.00000000e+00 0.00000000e+00 2.23640423e-12 -4.47292203e-12 2.23640423e-12 1.05783910e-16 
 2.50000000e+01 1.50000000e-01 0.00000000e+00 1.50000000e-01 0.00000000e+00 0.00000000e+00 7.34111542e-13 -1.46849199e-12 7.34111542e-13 1.73965934e-16 
 2.50000000e+01 2.00000000e-01 0.00000000e+00 2.00000000e-01 0.00000000e+00 0.00000000e+00 2.86049490e-12 -5.72131231e-12 2.86049490e-12 2.58169803e-16 
 2.50000000e+01 2.50000000e-01 0.00000000e+00 2.50000000e-01 0.00000000e+00 0.00000000e+00 8.90682471e-12 -1.78139725e-11 8.90682471e-12 3.75177779e-16 
 2.50000000e+01 3.00000000e-01 0.00000000e+00 3.00000000e-01 0.00000000e+00 0.00000000e+00 2.00328938e-11 -4.00659506e-11 2.00328938e-11 5.74148719e-16 
 2.50000000e+01 3.50000000e-01 0.00000000e+00 3.50000000e-01 0.00000000e+00 0.00000000e+00 4.47387560e-11 -8.94786467e-11 4.47387560e-11 9.86175725e-16 
 2.50000000e+01 4.00000000e-01 0.00000000e+00 4.00000000e-01 0.00000000e+00 0.00000000e+00 9.56136825e-11 -1.91229033e-10 9.56136825e-11 1.94937524e-15 
 2.50000000e+01 4.50000000e-01 0.00000000e+00 4.50000000e-01 0.00000000e+00 0.00000000e+00 1.75201427e-10 -3.50407037e-10 1.75201427e-10 4.32936998e-15 
 2.50000000e+01 5.00000000e-01 0.00000000e+00 5.00000000e-01 0.00000000e+00 0.00000000e+00 2.85834716e-10 -5.71680037e-10 2.85834716e-10 1.03133865e-14 
 2.50000000e+01 5.50000000e-01 0.00000000e+00 5.50000000e-01 0.00000000e+00 0.00000000e+00 4.33577235e-10 -8.67180106e-10 4.33577235e-10 2.53422211e-14 
 2.50000000e+01 6.00000000e-01 0.00000000e+00 6.00000000e-01 0.00000000e+00 0.00000000e+00 6.26272510e-10 -1.25260780e-09 6.26272510e-10 6.27937237e-14 
 2.50000000e+01 6.50000000e-01 0.00000000e+00 6.50000000e-01 0.00000000e+00 0.00000000e+00 8.73154929e-10 -1.74646519e-09 8.73154929e-10 1.55310505e-13 
 2.50000000e+01 7.00000000e-01 0.00000000e+00 7.00000000e-01 0.00000000e+00 0.00000000e+00 1.18504245e-09 -2.37046693e-09 1.18504245e-09 3.82102426e-13 
 2.50000000e+01 7.50000000e-01 0.00000000e+00 7.50000000e-01 0.00000000e+00 0.00000000e+00 1.57461542e-09 -3.15016591e-09 1.57461542e-09 9.34497494e-13 
 2.50000000e+01 8.00000000e-01 0.00000000e+00 8.00000000e-01 0.00000000e+00 0.00000000e+00 2.05671289e-09 -4.11569800e-09 2.05671289e-09 2.27266076e-12 
 2.50000000e+01 8.50000000e-01 0.00000000e+00 8.50000000e-01 0.00000000e+00 0.00000000e+00 2.64865619e-09 -5.30281064e-09 2.64865619e-09 5.49833130e-12 
 2.50000000e+01 9.00000000e-01 0.00000000e+00 9.00000000e-01 0.00000000e+00 0.00000000e+00 3.37061413e-09 -6.75446321e-09 3.37061413e-09 1.32347587e-11 
 2.50000000e+01 9.50000000e-01 0.00000000e+00 9.50000000e-01 0.00000000e+00 0.00000000e+00 4.24602068e-09 -8.52372128e-09 4.24602068e-09 3.16792662e-11 
 2.50000000e+01 1.00000000e+00 0.00000000e+00 1.00000000e+00 0.00000000e+00 0.00000000e+00 5.30205370e-09 -1.06794005e-08 5.30205370e-09 7.52923992e-11 
 2.50000000e+01 1.05000000e+00 0.00000000e+00 1.05000000e+00 0.00000000e+00 0.00000000e+00 6.57018279e-09 -1.33174796e-08 6.57018279e-09 1.77113758e-10 
 2.50000000e+01 1.10000000e+00 0.00000000e+00 1.10000000e+00 0.00000000e+00 0.00000000e+00 8.08679511e-09 -1.65835221e-08 8.08679511e-09 4.09932139e-10 
