 2.50000000e+01 0.00000000e+00 0.00000000e+00 0.00000000e+00 0.00000000e+00 0.00000000e+00 -5.76993899e-22 8.81201696e-21 -5.76993899e-22 -7.65802916e-21 
 2.50000000e+01 5.00000000e-02 0.00000000e+00 0.00000000e+00 5.00000000e-02 0.00000000e+00 4.19703051e-10 5.10764260e-12 -4.24810694e-10 9.20791419e-20 
 2.50000000e+01 1.00000000e-01 0.00000000e+00 0.00000000e+00 1.00000000e-01 0.00000000e+00 5.36509913e-10 1.39085284e-11 -5.50418442e-10 2.59867885e-19 
 2.50000000e+01 1.50000000e-01 0.00000000e+00 0.00000000e+00 1.50000000e-01 0.00000000e+00 6.26856680e-10 2.73669803e-11 -6.54223661e-10 4.91305000e-19 
 2.50000000e+01 2.00000000e-01 0.00000000e+00 0.00000000e+00 2.00000000e-01 0.00000000e+00 7.22696159e-10 4.66315014e-11 -7.69327661e-10 7.89561162e-19 
 2.50000000e+01 2.50000000e-01 0.00000000e+00 0.00000000e+00 2.50000000e-01 0.00000000e+00 8.29554123e-10 7.30653341e-11 -9.02619459e-10 1.16585160e-18 
 2.50000000e+01 3.00000000e-01 0.00000000e+00 0.00000000e+00 3.00000000e-01 0.00000000e+00 9.50194745e-10 1.08281409e-10 -1.05847616e-09 1.63489333e-18 
 2.50000000e+01 3.50000000e-01 0.00000000e+00 0.00000000e+00 3.50000000e-01 0.00000000e+00 1.08697780e-09 1.54182428e-10 -1.24116023e-09 2.21450936e-18 
 2.50000000e+01 4.00000000e-01 0.00000000e+00 0.00000000e+00 4.00000000e-01 0.00000000e+00 1.24232476e-09 2.13006844e-10 -1.45533160e-09 2.92585472e-18 
 2.50000000e+01 4.50000000e-01 0.00000000e+00 0.00000000e+00 4.50000000e-01 0.00000000e+00 1.41887316e-09 2.87381563e-10 -1.70625473e-09 3.79384981e-18 
 2.50000000e+01 5.00000000e-01 0.00000000e+00 0.00000000e+00 5.00000000e-01 0.00000000e+00 1.61955677e-09 3.80382318e-10 -1.99993909e-09 4.84773715e-18 
 2.50000000e+01 5.50000000e-01 0.00000000e+00 0.00000000e+00 5.50000000e-01 0.00000000e+00 1.84766503e-09 4.95602777e-10 -2.34326782e-09 6.12174274e-18 
 2.50000000e+01 6.00000000e-01 0.00000000e+00 0.00000000e+00 6.00000000e-01 0.00000000e+00 2.10689798e-09 6.37233574e-10 -2.74413156e-09 7.65584311e-18 
 2.50000000e+01 6.50000000e-01 0.00000000e+00 0.00000000e+00 6.50000000e-01 0.00000000e+00 2.40142213e-09 8.10152645e-10 -3.21157478e-09 9.49664647e-18 
 2.50000000e+01 7.00000000e-01 0.00000000e+00 0.00000000e+00 7.00000000e-01 0.00000000e+00 2.73593040e-09 1.02002839e-09 -3.75595880e-09 1.16984005e-17 
 2.50000000e+01 7.50000000e-01 0.00000000e+00 0.00000000e+00 7.50000000e-01 0.00000000e+00 3.11570731e-09 1.27343742e-09 -4.38914475e-09 1.43241414e-17 
 2.50000000e+01 8.00000000e-01 0.00000000e+00 0.00000000e+00 8.00000000e-01 0.00000000e+00 3.54670073e-09 1.57799886e-09 -5.12469961e-09 1.74470012e-17 
 2.50000000e+01 8.50000000e-01 0.00000000e+00 0.00000000e+00 8.50000000e-01 0.00000000e+00 4.03560108e-09 1.94252742e-09 -5.97812852e-09 2.11516918e-17 
 2.50000000e+01 9.00000000e-01 0.00000000e+00 0.00000000e+00 9.00000000e-01 0.00000000e+00 4.58992913e-09 2.37720781e-09 -6.96713696e-09 2.55361864e-17 
 2.50000000e+01 9.50000000e-01 0.00000000e+00 0.00000000e+00 9.50000000e-01 0.00000000e+00 5.21813337e-09 2.89379326e-09 -8.11192670e-09 8.03904047e-17 
 2.50000000e+01 1.00000000e+00 0.00000000e+00 0.00000000e+00 1.00000000e+00 0.00000000e+00 5.92969827e-09 3.50583149e-09 -9.43553062e-09 8.65672012e-16 
 2.50000000e+01 1.05000000e+00 0.00000000e+00 0.00000000e+00 1.05000000e+00 0.00000000e+00 6.73526488e-09 4.22892166e-09 -1.09643074e-08 1.20896838e-13 
 2.50000000e+01 1.10000000e+00 0.00000000e+00 0.00000000e+00 1.10000000e+00 0.00000000e+00 7.64676531e-09 5.08100648e-09 -1.27339813e-08 6.20953333e-12 
